"mean" "sd" "2.5%" "25%" "50%" "75%" "97.5%" "Rhat" "n.eff"
"C" 8.91419073332512 14.5177763603506 1.44326682889706 1.90996913276656 2.18749522603787 6.40893113521192 53.3836975671768 2.70156275190321 4
"D" 15.8319126235211 33.2466555680248 3.21955773329883e-97 3.3921119464648e-46 9.9848619089864e-15 10.6212244844475 119.903147120133 2.8613154320805 4
"K_V" 1.1575022341282 0.511637280619606 0.545790220338007 0.774115064668822 0.972753905458717 1.49732760562888 2.37695191280155 2.8550055342976 4
"Q" 10.2671265392015 0.803879110244414 8.78989716566083 9.70848335538749 10.230263808518 10.7787201152126 11.9362965815215 1.00137193383785 3200
"deviance" -231.945010477057 4.05770992550698 -239.160884085514 -234.671352329248 -232.319892644987 -229.632950145118 -222.792030927157 1.16031176737954 18
"r_P" 0.504694287065705 0.0312518065556252 0.44571953670544 0.483159548650628 0.503825029509289 0.525532896701627 0.568171382106245 1.00149096656095 2700
"r_V" 1.96451606352682 0.339418267001051 1.34486480601751 1.66809673165407 2.01450509171538 2.22059030664759 2.54902695243645 2.82018973771218 4
"sigma2_P" 0.0537903858150558 0.00242032210086899 0.0493306106734121 0.0521260273304223 0.0537182024356657 0.0553533896841626 0.058779524103886 1.00102624897386 6000
"sigma2_V" 0.050064849418964 0.00228437677257536 0.0457283330761339 0.0484977466709838 0.0500031240841309 0.0515226140539634 0.0548029988246304 1.0019665681143 1600
